6387244345:6892117797,8309515580
7930352970:6926435892,5825388369
8462290613:8229064814
8089267516:6438262055
7930663145:7786612319,8314460027,6691521010,6266702457,8014715333,8498636535,8015932230,7513726026,7395325845,2057653057,7134796992
6735203970:6799600797
7844101560:7776496900
700304933:8028679178
6164121708:7887052978,7547441423,7710850302,8470135513
7680712900:8292366239,8397686659
8065283718:7121132064,5394742890,6720418888,272761361,7505592121,5836431747
7390198695:7296039449,7121132064,6164121708,2106237201,94244201,756209841,5645771441
6691521010:8046017658,7636029213,2106237201
1971596583:5790893476
7185853816:7361645799,8401294692,8017686516,6218198786,6791272511
7574184699:94244201,2098962220,8172511452,182491616,7711235949,7938422902,1632088426,1978129935,6258718862,5605399350,7637456815,6923680087,7909466332,7028471666,8157976356,2020388319,1343220523,8407789836,756209841,1473403134,6597035456,6364605045,8354628899,7667639322,7155868932,8006749151,8388211067,7338787483,5820425381,6754951264,1934457343,8023616317,8570912955,8101896450,1878840632,7365379569,8223159847,8526596661,7562982394
7390867257:8172511452
7564748059:8343804709,8249168608
7947626080:7391998078,8011880128,8131957309
7618029040:333978130,6513395875,1699053858,8064720316,7983934515
7260705315:8023616317,7624953181,7649585147,7028471666,8131111956,8181597769,5394742890,7947865348,6441862020,7927983639,7096527934,8248902734,8312239084,6956232299,7812933506,7099451628,7642925344,8385008335,7254245819,7172275275,8445752384,8458935060,8044276440
6051368787:7288527168,8220978585
7775735640:1873493836,8088955624
7911869085:6073417377
1122327752:7106698110,7126462308,6473072995,7730994651,8231244883,5637230276
7927983639:7430494533,8018733307,7514156371,7460371655,8336639435,7980877834,8128578949
6825524595:7730994651,8496510632,6323042530
7839284712:8136651283
8417358782:8401700022
