8065283718
7126854041
7390198695
5596067402
1624792204
6329257391
6727070493
7642504635
7953301412
2016965342
7407936569
6395236323
6661888694
7930663145
1859762207
1257366089
1892771674
8016987242
7795068472
6761624918
7448293633
7774324277
5570360405
8087339151
5994058586
6059187664
7327734441
8003376403
7667385992
5316618614
2112124811
6020431504
7894708783
5367648043
5706453618
7153536547
1494665806
1893094927
6970999665
7697278309
5819562919
7656078082
5582748998
7962669444
7159289320
5909268043
7944850385
5635840962
7810552530
7480545571
7121132064
7504014250
8039023342
7981053702
7578913824
7554603451
6532838885
1924119669
1295524512
7548020417
1315377363
7433033060
1451007406
6387244345
6098361406
7525728488
5063167747
7492866124
7577770029
8080195606
6268319712
8135879020
1149297941
6983592594
5916848132
7730090437
7050158611
6898170796
7296039449
1800048798
5724482986
7849832805
6546614534
7066598774
1532890163
7344476722
5151787431
1122327752
7915839324
1719295789
1969961021
5552885254
8149949258
8002340703
7220804957
7751492314
6517486357
7580792126
7777416015
8117946854
7033760840
8091821536
5160046227
7564748059
5949587414
7937584531
6389257868
6771873703
8181503324
5203178287
7930352970
5837405541
5346774018
6407672457
5967481830
7466970629
6707176469
7367135460
5476405872
5162718325
7874973204
819302828
7714586736
6558503339
6861876332
5075840412
7961751137
6883553693
7174790281
6779798880
1502771751
6731519639
7865843576
7672884447
7657489119
1226208464
8271006071
795497344
7771945519
8419890693
8011582302
1873040649
7520242236
7793294316
7593037245
8037692056
5350232267
8042700413
7381728496
7670543261
8462290613
7772634707
1961712018
7792828786
7700547597
7918742250
7447794946
7844101560
7910686034
7568807026
562811932
7702380446
1403788531
7183597028
7445460430
1621702312
8282238576
7937101398
7919780474
6456773211
1739180885
1526161721
8089267516
5468161558
5846775533
6547133516
8019831813
2050431763
6852727044
7097562302
1610171377
7581539351
7762918479
6813198299
7743132106
7554317258
6735203970
8028269870
5334780471
8117900706
8378787584
6032977240
5505852993
6705851130
7103437955
8374914236
5518755160
7989879933
7012389129
5733479680
7767219634
8144766431
5461107574
7173921114
1332288026
7962331849
1971596583
7337355796
7329811882
7355558661
8423133507
7651628722
7885015901
7924993792
7241061540
7833861303
5961857217
7698948370
7126225781
1689772232
8180082956
1729620086
8095197921
2140492722
7262159880
5744682172
8008999726
893969016
7668664784
5931932625
7289130011
1484723439
6200135659
7988877788
5905654861
8056438777
851927515
6296527794
8436432229
7960967277
6522395145
7093862239
1935751427
8196172280
7345472209
6829634378
7428844501
8163865601
7990506283
7331274457
8327839762
7954516879
237459774
6291316881
7709285031
7572384106
8491418744
1870211358
7776499463
7549677590
902048955
7255709526
8151732670
8494725609
7198783101
6269296333
8100143615
7759626606
5450503086
7799796185
1950271296
6051368787
6791631054
8033608121
8421797114
7643550702
8000795296
7738460922
5344481665
6945295028
6749193671
7052847180
8435992717
5668602958
1133523626
6371344674
7047732670
7330927919
6970891536
7612601824
7668918136
6220297931
6908085288
7649019301
7999899970
7639975803
5803287849
8066512405
7673020343
8068131583
8135468569
5972170285
6225906881
6653119674
8054361022
6207513060
7960475937
986921819
5401240545
6334923327
8317693530
2119217311
5803069215
6959743847
1483205137
8307105180
5900150742
8216066467
7146146255
7690439120
1439879033
5226666496
7142468394
7104823345
5621055362
8059365313
8406712773
6684135581
6749840372
7735906136
7963657769
1836317078
6448744003
7121468156
8256826710
7507998458
7075947962
5232343113
7014069307
8055141258
8217164624
6576590108
6460412780
7567963863
8301103109
1378268783
6377710987
6349604962
7306617031
7574184699
7244679009
7853642222
7194371080
6606833108
8246249602
8306625549
5495652081
5823350175
7587492552
2131232054
7185853816
8199507663
7655338127
5776003496
8369999386
8468697564
8347643748
6497256122
6698752827
5210009438
6885637607
688656311
6962601073
7786612319
1511230493
7609030435
7299171259
6068090710
1349021638
8083683496
1431161710
700304933
8131396901
6510896210
7755531593
1159305028
7785116200
2092589630
8100766433
7405154208
8173886303
8390990859
8170281604
8474868238
975139334
7438772971
8067269311
1656930573
7506669694
7211708320
1838518445
8102781878
8484180958
7912845629
6691521010
6954005578
6479298714
6470184294
6071306289
8252855850
8275854886
7623533845
8372712687
6685742542
8314957263
8138387806
7564759066
8400212398
6807895510
1733870757
7974331357
7625467995
6594149088
8372973779
1430717771
1691447888
8185484319
8112719445
1926985989
1992424046
7812177624
1888281214
7879035328
8012633355
8175005625
8163328391
5503679210
8171378469
8300590143
7605734023
7950221863
8204429935
8388436847
5137700887
7685267265
6164121708
7680712900
8140494514
6721468780
7402115151
5474082460
6480516372
1551677466
8481682593
5573308502
6802851482
7290731715
6173156348
8285892395
6624052918
5265912849
7361645799
8252477712
7947626080
8373506757
7184203794
5925728629
849376133
5839475048
7791857098
7101063915
8068751369
8176894042
5051099335
7539111908
7390867257
6542948486
1238800106
1255962276
7911629014
5339991065
7775735640
1603618790
6342467654
8123662280
6906556371
7808803606
6046209622
8150744039
5418372920
8291331710
1275887003
6700852353
5173022946
8076887290
8529581944
7470345978
5923722882
8567122178
6210035732
7260705315
7085144022
8209962925
7865412257
1114174143
5706069018
7839284712
8256988388
5212952698
5341830695
5997040886
8315552996
7618029040
5710501657
6626481636
7323499139
7503453560
8424146270
7286480123
7967936785
943636698
7911869085
7583917541
5894986636
7503951136
5049057433
8211715683
6608123151
1274719239
7879542690
6569077874
7512443852
7410124604
7927983639
7122083877
6825524595
6776513114
7657017239
8364709627
5831793328
8466681403
8537799899
8325567462
8588539441
8447270145
8401992660
8417358782
7590707757
7812087008
7512128787
8394617690
8216416223
2020537464
7171696059
5704645643
6977154081
8121066624
5777281587
6003524984
1711869321
7689535077
8552925303
8489551710
7901492102
8142509376
6184654486
1483540330
8318790733
8231580534
8266471091
8303953113
6912233628
